page_add 12 3 0 ['sitar', 'guit2', 'shenai', 'clang2', 'drum4kit']
note_add 1 12 0 0 39 0.992176357332 0.5 12.0 0 97 0.002 0.1 0.1 0.0 1000.0 1 edit
note_add 2 12 0 12 43 0.845153536915 0.5 12.0 0 97 0.002 0.1 0.1 0.0 1000.0 1 edit
note_add 3 12 0 24 45 0.859982780845 0.5 12.0 0 97 0.002 0.1 0.1 0.0 1000.0 1 edit
note_add 4 12 1 0 27 0.997727005149 0.5 3.0 1 141 0.002 0.1 0.1 0.0 1000.0 1 edit
note_add 5 12 1 3 26 0.684686866758 0.5 3.0 1 141 0.002 0.1 0.1 0.0 1000.0 1 edit
note_add 6 12 1 6 29 0.683595844677 0.5 3.0 1 141 0.002 0.1 0.1 0.0 1000.0 1 edit
note_add 7 12 1 9 26 0.681762271297 0.5 3.0 1 141 0.002 0.1 0.1 0.0 1000.0 1 edit
note_add 8 12 1 12 24 0.826587667649 0.5 3.0 1 141 0.002 0.1 0.1 0.0 1000.0 1 edit
note_add 9 12 1 15 27 0.733875835364 0.5 3.0 1 141 0.002 0.1 0.1 0.0 1000.0 1 edit
note_add 10 12 1 18 26 0.663083298535 0.5 3.0 1 141 0.002 0.1 0.1 0.0 1000.0 1 edit
note_add 11 12 1 21 29 0.655793736697 0.5 3.0 1 141 0.002 0.1 0.1 0.0 1000.0 1 edit
note_add 12 12 1 24 27 0.808918800489 0.5 3.0 1 141 0.002 0.1 0.1 0.0 1000.0 1 edit
note_add 13 12 1 27 26 0.667385227006 0.5 3.0 1 141 0.002 0.1 0.1 0.0 1000.0 1 edit
note_add 14 12 1 30 29 0.708379321044 0.5 3.0 1 141 0.002 0.1 0.1 0.0 1000.0 1 edit
note_add 15 12 1 33 26 0.684806046611 0.5 3.0 1 141 0.002 0.1 0.1 0.0 1000.0 1 edit
note_add 16 12 2 0 45 0.902487263347 0.5 3.0 2 96 0.002 0.1 0.1 0.0 1000.0 1 edit
note_add 17 12 2 3 46 0.734322294848 0.5 3.0 2 96 0.002 0.1 0.1 0.0 1000.0 1 edit
note_add 18 12 2 6 45 0.670444627629 0.5 3.0 2 96 0.002 0.1 0.1 0.0 1000.0 1 edit
note_add 19 12 2 9 46 0.676483196647 0.5 3.0 2 96 0.002 0.1 0.1 0.0 1000.0 1 edit
note_add 20 12 2 12 45 0.792856447342 0.5 3.0 2 96 0.002 0.1 0.1 0.0 1000.0 1 edit
note_add 21 12 2 15 45 0.714834105956 0.5 3.0 2 96 0.002 0.1 0.1 0.0 1000.0 1 edit
note_add 22 12 2 18 45 0.654552754384 0.5 3.0 2 96 0.002 0.1 0.1 0.0 1000.0 1 edit
note_add 23 12 2 21 45 0.683246310621 0.5 3.0 2 96 0.002 0.1 0.1 0.0 1000.0 1 edit
note_add 24 12 2 24 45 0.866302485047 0.5 3.0 2 96 0.002 0.1 0.1 0.0 1000.0 1 edit
note_add 25 12 2 27 46 0.660698942041 0.5 3.0 2 96 0.002 0.1 0.1 0.0 1000.0 1 edit
note_add 26 12 2 30 45 0.694276040758 0.5 3.0 2 96 0.002 0.1 0.1 0.0 1000.0 1 edit
note_add 27 12 2 33 46 0.683705965531 0.5 3.0 2 96 0.002 0.1 0.1 0.0 1000.0 1 edit
note_add 28 12 3 0 36 0.977528720488 0.5 3.0 3 63 0.002 0.1 0.1 0.0 1000.0 1 edit
note_add 29 12 3 3 29 0.715204863276 0.5 3.0 3 63 0.002 0.1 0.1 0.0 1000.0 1 edit
note_add 30 12 3 6 36 0.691016632645 0.5 3.0 3 63 0.002 0.1 0.1 0.0 1000.0 1 edit
note_add 31 12 3 12 36 0.791488935892 0.5 3.0 3 63 0.002 0.1 0.1 0.0 1000.0 1 edit
note_add 32 12 3 15 29 0.683974830404 0.5 3.0 3 63 0.002 0.1 0.1 0.0 1000.0 1 edit
note_add 33 12 3 21 46 0.665307216754 0.5 3.0 3 63 0.002 0.1 0.1 0.0 1000.0 1 edit
note_add 34 12 3 24 36 0.811639616772 0.5 3.0 3 63 0.002 0.1 0.1 0.0 1000.0 1 edit
note_add 35 12 3 30 36 0.729876534089 0.5 3.0 3 63 0.002 0.1 0.1 0.0 1000.0 1 edit
note_add 36 12 3 33 46 0.661678909412 0.5 3.0 3 63 0.002 0.1 0.1 0.0 1000.0 1 edit
note_add 37 12 4 0 24 0.950199526445 0.5 1.0 4 163 0.002 0.098 0.1 0.0 1000.0 1 edit
note_add 38 12 4 0 40 0.994467036758 0.5 1.0 4 163 0.002 0.098 0.1 0.0 1000.0 1 edit
note_add 39 12 4 0 46 0.91514488182 0.5 1.0 4 163 0.002 0.098 0.1 0.0 1000.0 1 edit
note_add 40 12 4 3 40 0.674531171519 0.5 1.0 4 163 0.002 0.098 0.1 0.0 1000.0 1 edit
note_add 41 12 4 6 24 0.733906057155 0.5 1.0 4 163 0.002 0.098 0.1 0.0 1000.0 1 edit
note_add 42 12 4 6 40 0.720363213947 0.5 1.0 4 163 0.002 0.098 0.1 0.0 1000.0 1 edit
note_add 43 12 4 6 46 0.711980129471 0.5 1.0 4 163 0.002 0.098 0.1 0.0 1000.0 1 edit
note_add 44 12 4 9 46 0.703202354953 0.5 1.0 4 163 0.002 0.098 0.1 0.0 1000.0 1 edit
note_add 45 12 4 12 24 0.770037259528 0.5 1.0 4 163 0.002 0.098 0.1 0.0 1000.0 1 edit
note_add 46 12 4 12 30 0.76528374653 0.5 1.0 4 163 0.002 0.098 0.1 0.0 1000.0 1 edit
note_add 47 12 4 12 46 0.846457882845 0.5 1.0 4 163 0.002 0.098 0.1 0.0 1000.0 1 edit
note_add 48 12 4 18 40 0.677373385764 0.5 1.0 4 163 0.002 0.098 0.1 0.0 1000.0 1 edit
note_add 49 12 4 18 46 0.730236607365 0.5 1.0 4 163 0.002 0.098 0.1 0.0 1000.0 1 edit
note_add 50 12 4 24 24 0.775212443119 0.5 1.0 4 163 0.002 0.098 0.1 0.0 1000.0 1 edit
note_add 51 12 4 24 40 0.786474437047 0.5 1.0 4 163 0.002 0.098 0.1 0.0 1000.0 1 edit
note_add 52 12 4 24 46 0.808813695487 0.5 1.0 4 163 0.002 0.098 0.1 0.0 1000.0 1 edit
note_add 53 12 4 33 46 0.741453070836 0.5 1.0 4 163 0.002 0.098 0.1 0.0 1000.0 1 edit
page_add 13 3 0 ['sitar', 'guit2', 'shenai', 'clang2', 'drum4kit']
note_add 1 13 0 0 39 0.900217508299 0.5 12.0 0 97 0.002 0.1 0.1 0.0 1000.0 1 edit
note_add 2 13 0 12 38 0.76291496494 0.5 6.0 0 97 0.002 0.1 0.1 0.0 1000.0 1 edit
note_add 3 13 0 18 33 0.714622372049 0.5 3.0 0 97 0.002 0.1 0.1 0.0 1000.0 1 edit
note_add 4 13 0 21 31 0.704582617771 0.5 3.0 0 97 0.002 0.1 0.1 0.0 1000.0 1 edit
note_add 5 13 0 24 27 0.863859858625 0.5 6.0 0 97 0.002 0.1 0.1 0.0 1000.0 1 edit
note_add 6 13 0 30 31 0.692186482666 0.5 6.0 0 97 0.002 0.1 0.1 0.0 1000.0 1 edit
note_add 7 13 1 0 26 0.963142809272 0.5 3.0 1 141 0.002 0.1 0.1 0.0 1000.0 1 edit
note_add 8 13 1 3 24 0.674534211379 0.5 3.0 1 141 0.002 0.1 0.1 0.0 1000.0 1 edit
note_add 9 13 1 6 27 0.695536150413 0.5 3.0 1 141 0.002 0.1 0.1 0.0 1000.0 1 edit
note_add 10 13 1 9 26 0.730851913151 0.5 3.0 1 141 0.002 0.1 0.1 0.0 1000.0 1 edit
note_add 11 13 1 15 26 0.715785051612 0.5 3.0 1 141 0.002 0.1 0.1 0.0 1000.0 1 edit
note_add 12 13 1 18 24 0.708920262785 0.5 3.0 1 141 0.002 0.1 0.1 0.0 1000.0 1 edit
note_add 13 13 1 21 27 0.736079947287 0.5 3.0 1 141 0.002 0.1 0.1 0.0 1000.0 1 edit
note_add 14 13 1 27 24 0.690249159584 0.5 3.0 1 141 0.002 0.1 0.1 0.0 1000.0 1 edit
note_add 15 13 1 33 26 0.747747779711 0.5 3.0 1 141 0.002 0.1 0.1 0.0 1000.0 1 edit
note_add 16 13 2 0 46 0.935305765395 0.5 3.0 2 96 0.002 0.1 0.1 0.0 1000.0 1 edit
note_add 17 13 2 3 45 0.672428312167 0.5 3.0 2 96 0.002 0.1 0.1 0.0 1000.0 1 edit
note_add 18 13 2 6 45 0.668573387082 0.5 3.0 2 96 0.002 0.1 0.1 0.0 1000.0 1 edit
note_add 19 13 2 9 45 0.663440416314 0.5 3.0 2 96 0.002 0.1 0.1 0.0 1000.0 1 edit
note_add 20 13 2 12 39 0.846885196839 0.5 3.0 2 96 0.002 0.1 0.1 0.0 1000.0 1 edit
note_add 21 13 2 15 45 0.69086908476 0.5 3.0 2 96 0.002 0.1 0.1 0.0 1000.0 1 edit
note_add 22 13 2 18 45 0.708261453631 0.5 3.0 2 96 0.002 0.1 0.1 0.0 1000.0 1 edit
note_add 23 13 2 21 45 0.661082222788 0.5 3.0 2 96 0.002 0.1 0.1 0.0 1000.0 1 edit
note_add 24 13 2 24 46 0.868505362756 0.5 3.0 2 96 0.002 0.1 0.1 0.0 1000.0 1 edit
note_add 25 13 2 27 45 0.695817397464 0.5 3.0 2 96 0.002 0.1 0.1 0.0 1000.0 1 edit
note_add 26 13 2 30 45 0.710451919929 0.5 3.0 2 96 0.002 0.1 0.1 0.0 1000.0 1 edit
note_add 27 13 2 33 45 0.71294559179 0.5 3.0 2 96 0.002 0.1 0.1 0.0 1000.0 1 edit
note_add 28 13 3 3 36 0.652136064822 0.5 3.0 3 63 0.002 0.1 0.1 0.0 1000.0 1 edit
note_add 29 13 3 6 29 0.653760779698 0.5 3.0 3 63 0.002 0.1 0.1 0.0 1000.0 1 edit
note_add 30 13 3 9 36 0.705340912764 0.5 3.0 3 63 0.002 0.1 0.1 0.0 1000.0 1 edit
note_add 31 13 3 12 31 0.891727604618 0.5 3.0 3 63 0.002 0.1 0.1 0.0 1000.0 1 edit
note_add 32 13 3 15 36 0.679199126853 0.5 3.0 3 63 0.002 0.1 0.1 0.0 1000.0 1 edit
note_add 33 13 3 18 29 0.711881677732 0.5 3.0 3 63 0.002 0.1 0.1 0.0 1000.0 1 edit
note_add 34 13 3 24 31 0.781522345292 0.5 3.0 3 63 0.002 0.1 0.1 0.0 1000.0 1 edit
note_add 35 13 3 27 36 0.733310200184 0.5 3.0 3 63 0.002 0.1 0.1 0.0 1000.0 1 edit
note_add 36 13 3 30 29 0.679458931863 0.5 3.0 3 63 0.002 0.1 0.1 0.0 1000.0 1 edit
note_add 37 13 3 33 36 0.689511775918 0.5 3.0 3 63 0.002 0.1 0.1 0.0 1000.0 1 edit
note_add 38 13 4 0 24 0.950199526445 0.5 1.0 4 163 0.002 0.098 0.1 0.0 1000.0 1 edit
note_add 41 13 4 0 32 0.920106502064 0.5 1.0 4 163 0.002 0.098 0.1 0.0 1000.0 1 edit
note_add 42 13 4 0 36 0.942567288503 0.5 1.0 4 163 0.002 0.098 0.1 0.0 1000.0 1 edit
note_add 39 13 4 0 40 0.994467036758 0.5 1.0 4 163 0.002 0.098 0.1 0.0 1000.0 1 edit
note_add 40 13 4 0 46 0.91514488182 0.5 1.0 4 163 0.002 0.098 0.1 0.0 1000.0 1 edit
note_add 43 13 4 3 40 0.674531171519 0.5 1.0 4 163 0.002 0.098 0.1 0.0 1000.0 1 edit
note_add 44 13 4 6 24 0.733906057155 0.5 1.0 4 163 0.002 0.098 0.1 0.0 1000.0 1 edit
note_add 47 13 4 6 28 0.683564411558 0.5 1.0 4 163 0.002 0.098 0.1 0.0 1000.0 1 edit
note_add 45 13 4 6 40 0.720363213947 0.5 1.0 4 163 0.002 0.098 0.1 0.0 1000.0 1 edit
note_add 46 13 4 6 46 0.711980129471 0.5 1.0 4 163 0.002 0.098 0.1 0.0 1000.0 1 edit
note_add 48 13 4 6 48 0.688150455753 0.5 1.0 4 163 0.002 0.098 0.1 0.0 1000.0 1 edit
note_add 49 13 4 9 46 0.703202354953 0.5 1.0 4 163 0.002 0.098 0.1 0.0 1000.0 1 edit
note_add 50 13 4 12 24 0.770037259528 0.5 1.0 4 163 0.002 0.098 0.1 0.0 1000.0 1 edit
note_add 51 13 4 12 26 0.799459986324 0.5 1.0 4 163 0.002 0.098 0.1 0.0 1000.0 1 edit
note_add 52 13 4 12 30 0.76528374653 0.5 1.0 4 163 0.002 0.098 0.1 0.0 1000.0 1 edit
note_add 53 13 4 12 46 0.846457882845 0.5 1.0 4 163 0.002 0.098 0.1 0.0 1000.0 1 edit
note_add 54 13 4 15 38 0.72553057253 0.5 1.0 4 163 0.002 0.098 0.1 0.0 1000.0 1 edit
note_add 55 13 4 18 40 0.677373385764 0.5 1.0 4 163 0.002 0.098 0.1 0.0 1000.0 1 edit
note_add 56 13 4 18 46 0.730236607365 0.5 1.0 4 163 0.002 0.098 0.1 0.0 1000.0 1 edit
note_add 57 13 4 18 48 0.742568337923 0.5 1.0 4 163 0.002 0.098 0.1 0.0 1000.0 1 edit
note_add 58 13 4 21 46 0.664003296018 0.5 1.0 4 163 0.002 0.098 0.1 0.0 1000.0 1 edit
note_add 59 13 4 24 24 0.775212443119 0.5 1.0 4 163 0.002 0.098 0.1 0.0 1000.0 1 edit
note_add 60 13 4 24 26 0.792753120982 0.5 1.0 4 163 0.002 0.098 0.1 0.0 1000.0 1 edit
note_add 61 13 4 24 40 0.786474437047 0.5 1.0 4 163 0.002 0.098 0.1 0.0 1000.0 1 edit
note_add 62 13 4 24 44 0.813012792158 0.5 1.0 4 163 0.002 0.098 0.1 0.0 1000.0 1 edit
note_add 63 13 4 24 46 0.808813695487 0.5 1.0 4 163 0.002 0.098 0.1 0.0 1000.0 1 edit
note_add 64 13 4 27 46 0.700655001755 0.5 1.0 4 163 0.002 0.098 0.1 0.0 1000.0 1 edit
note_add 65 13 4 30 44 0.683514568212 0.5 1.0 4 163 0.002 0.098 0.1 0.0 1000.0 1 edit
note_add 66 13 4 33 38 0.72702086282 0.5 1.0 4 163 0.002 0.098 0.1 0.0 1000.0 1 edit
note_add 67 13 4 33 42 0.682322866418 0.5 1.0 4 163 0.002 0.098 0.1 0.0 1000.0 1 edit
note_add 68 13 4 33 46 0.741453070836 0.5 1.0 4 163 0.002 0.098 0.1 0.0 1000.0 1 edit
page_add 14 3 0 ['sitar', 'guit2', 'shenai', 'clang2', 'drum4kit']
note_add 1 14 0 0 40 0.97155930544 0.5 6.0 0 97 0.002 0.1 0.1 0.0 1000.0 1 edit
note_add 2 14 0 6 42 0.732320328203 0.5 6.0 0 97 0.002 0.1 0.1 0.0 1000.0 1 edit
note_add 3 14 0 24 31 0.863877492679 0.5 12.0 0 97 0.002 0.1 0.1 0.0 1000.0 1 edit
note_add 4 14 1 0 31 0.926185755248 0.5 12.0 1 141 0.002 0.1 0.1 0.0 1000.0 1 edit
note_add 5 14 1 12 33 0.780085891344 0.5 12.0 1 141 0.002 0.1 0.1 0.0 1000.0 1 edit
note_add 6 14 1 24 38 0.892070782342 0.5 12.0 1 141 0.002 0.1 0.1 0.0 1000.0 1 edit
note_add 7 14 2 0 42 0.949096630447 0.5 2.0 2 96 0.002 0.1 0.1 0.0 1000.0 1 edit
note_add 8 14 2 12 40 0.856608187856 0.5 2.0 2 96 0.002 0.1 0.1 0.0 1000.0 1 edit
note_add 9 14 2 15 40 0.664150920496 0.5 2.0 2 96 0.002 0.1 0.1 0.0 1000.0 1 edit
note_add 10 14 2 18 40 0.657714193253 0.5 3.0 2 96 0.002 0.1 0.1 0.0 1000.0 1 edit
note_add 11 14 2 21 40 0.729146169457 0.5 2.0 2 96 0.002 0.1 0.1 0.0 1000.0 1 edit
note_add 12 14 2 24 40 0.869669470144 0.5 4.0 2 96 0.002 0.1 0.1 0.0 1000.0 1 edit
note_add 13 14 2 30 33 0.680913814043 0.5 3.0 2 96 0.002 0.1 0.1 0.0 1000.0 1 edit
note_add 14 14 2 33 33 0.724703852946 0.5 3.0 2 96 0.002 0.1 0.1 0.0 1000.0 1 edit
note_add 15 14 3 0 43 0.975203638519 0.5 3.0 3 63 0.002 0.1 0.1 0.0 1000.0 1 edit
note_add 16 14 3 3 36 0.708205893441 0.5 3.0 3 63 0.002 0.1 0.1 0.0 1000.0 1 edit
note_add 17 14 3 6 43 0.702593612022 0.5 3.0 3 63 0.002 0.1 0.1 0.0 1000.0 1 edit
note_add 18 14 3 9 43 0.69368434044 0.5 3.0 3 63 0.002 0.1 0.1 0.0 1000.0 1 edit
note_add 19 14 3 12 42 0.849194974651 0.5 3.0 3 63 0.002 0.1 0.1 0.0 1000.0 1 edit
note_add 20 14 3 15 43 0.672319996623 0.5 3.0 3 63 0.002 0.1 0.1 0.0 1000.0 1 edit
note_add 21 14 3 18 43 0.745938429762 0.5 3.0 3 63 0.002 0.1 0.1 0.0 1000.0 1 edit
note_add 22 14 3 21 43 0.720044215744 0.5 3.0 3 63 0.002 0.1 0.1 0.0 1000.0 1 edit
note_add 23 14 3 24 43 0.778332931846 0.5 3.0 3 63 0.002 0.1 0.1 0.0 1000.0 1 edit
note_add 24 14 3 27 36 0.653910493257 0.5 3.0 3 63 0.002 0.1 0.1 0.0 1000.0 1 edit
note_add 25 14 3 30 43 0.744919021036 0.5 3.0 3 63 0.002 0.1 0.1 0.0 1000.0 1 edit
note_add 26 14 3 33 43 0.741903469 0.5 3.0 3 63 0.002 0.1 0.1 0.0 1000.0 1 edit
note_add 27 14 4 0 24 0.965486899464 0.5 1.0 4 163 0.002 0.098 0.1 0.0 1000.0 1 edit
note_add 28 14 4 0 40 0.941041381579 0.5 1.0 4 163 0.002 0.098 0.1 0.0 1000.0 1 edit
note_add 29 14 4 6 24 0.664795050226 0.5 1.0 4 163 0.002 0.098 0.1 0.0 1000.0 1 edit
note_add 30 14 4 6 46 0.741847950378 0.5 1.0 4 163 0.002 0.098 0.1 0.0 1000.0 1 edit
note_add 31 14 4 12 24 0.899211968724 0.5 1.0 4 163 0.002 0.098 0.1 0.0 1000.0 1 edit
note_add 32 14 4 12 40 0.807659735475 0.5 1.0 4 163 0.002 0.098 0.1 0.0 1000.0 1 edit
note_add 33 14 4 12 46 0.841170805283 0.5 1.0 4 163 0.002 0.098 0.1 0.0 1000.0 1 edit
note_add 34 14 4 18 46 0.700410665045 0.5 1.0 4 163 0.002 0.098 0.1 0.0 1000.0 1 edit
note_add 35 14 4 21 46 0.674695327576 0.5 1.0 4 163 0.002 0.098 0.1 0.0 1000.0 1 edit
note_add 36 14 4 24 24 0.802553175749 0.5 1.0 4 163 0.002 0.098 0.1 0.0 1000.0 1 edit
note_add 37 14 4 24 40 0.880527467285 0.5 1.0 4 163 0.002 0.098 0.1 0.0 1000.0 1 edit
note_add 38 14 4 24 46 0.780435475561 0.5 1.0 4 163 0.002 0.098 0.1 0.0 1000.0 1 edit
note_add 39 14 4 30 40 0.705068611253 0.5 1.0 4 163 0.002 0.098 0.1 0.0 1000.0 1 edit
note_add 40 14 4 30 46 0.72276210039 0.5 1.0 4 163 0.002 0.098 0.1 0.0 1000.0 1 edit
note_add 41 14 4 33 46 0.694600058093 0.5 1.0 4 163 0.002 0.098 0.1 0.0 1000.0 1 edit
page_add 15 3 0 ['sitar', 'guit2', 'shenai', 'clang2', 'drum4kit']
note_add 1 15 0 12 26 0.760254587511 0.5 3.0 0 97 0.002 0.1 0.1 0.0 1000.0 1 edit
note_add 2 15 0 15 30 0.707955596002 0.5 3.0 0 97 0.002 0.1 0.1 0.0 1000.0 1 edit
note_add 3 15 0 18 26 0.71094011532 0.5 6.0 0 97 0.002 0.1 0.1 0.0 1000.0 1 edit
note_add 4 15 0 24 24 0.887504361415 0.5 12.0 0 97 0.002 0.1 0.1 0.0 1000.0 1 edit
note_add 5 15 1 0 36 0.905027180141 0.5 12.0 1 141 0.002 0.1 0.1 0.0 1000.0 1 edit
note_add 6 15 1 12 35 0.778614232087 0.5 24.0 1 141 0.002 0.1 0.1 0.0 1000.0 1 edit
note_add 7 15 2 0 33 0.910307460354 0.5 2.0 2 96 0.002 0.1 0.1 0.0 1000.0 1 edit
note_add 8 15 2 3 33 0.652204279337 0.5 3.0 2 96 0.002 0.1 0.1 0.0 1000.0 1 edit
note_add 9 15 2 12 38 0.751825681461 0.5 4.0 2 96 0.002 0.1 0.1 0.0 1000.0 1 edit
note_add 10 15 2 18 38 0.724874369565 0.5 6.0 2 96 0.002 0.1 0.1 0.0 1000.0 1 edit
note_add 11 15 2 27 38 0.729990731838 0.5 2.0 2 96 0.002 0.1 0.1 0.0 1000.0 1 edit
note_add 12 15 2 30 38 0.650351102036 0.5 4.0 2 96 0.002 0.1 0.1 0.0 1000.0 1 edit
note_add 13 15 3 0 40 0.938971570876 0.5 3.0 3 63 0.002 0.1 0.1 0.0 1000.0 1 edit
note_add 14 15 3 3 43 0.749224574948 0.5 3.0 3 63 0.002 0.1 0.1 0.0 1000.0 1 edit
note_add 15 15 3 6 43 0.659291398653 0.5 3.0 3 63 0.002 0.1 0.1 0.0 1000.0 1 edit
note_add 16 15 3 9 48 0.679375369346 0.5 3.0 3 63 0.002 0.1 0.1 0.0 1000.0 1 edit
note_add 17 15 3 12 43 0.756255122623 0.5 3.0 3 63 0.002 0.1 0.1 0.0 1000.0 1 edit
note_add 18 15 3 15 43 0.656105060599 0.5 3.0 3 63 0.002 0.1 0.1 0.0 1000.0 1 edit
note_add 19 15 3 18 43 0.680395549452 0.5 3.0 3 63 0.002 0.1 0.1 0.0 1000.0 1 edit
note_add 20 15 3 21 38 0.714067472944 0.5 3.0 3 63 0.002 0.1 0.1 0.0 1000.0 1 edit
note_add 21 15 3 24 40 0.899395760071 0.5 3.0 3 63 0.002 0.1 0.1 0.0 1000.0 1 edit
note_add 22 15 3 27 43 0.738594067248 0.5 3.0 3 63 0.002 0.1 0.1 0.0 1000.0 1 edit
note_add 23 15 3 30 43 0.672300788777 0.5 3.0 3 63 0.002 0.1 0.1 0.0 1000.0 1 edit
note_add 24 15 3 33 48 0.683831264468 0.5 3.0 3 63 0.002 0.1 0.1 0.0 1000.0 1 edit
note_add 25 15 4 0 24 0.965486899464 0.5 1.0 4 163 0.002 0.098 0.1 0.0 1000.0 1 edit
note_add 26 15 4 0 40 0.941041381579 0.5 1.0 4 163 0.002 0.098 0.1 0.0 1000.0 1 edit
note_add 27 15 4 6 24 0.664795050226 0.5 1.0 4 163 0.002 0.098 0.1 0.0 1000.0 1 edit
note_add 28 15 4 6 46 0.741847950378 0.5 1.0 4 163 0.002 0.098 0.1 0.0 1000.0 1 edit
note_add 29 15 4 12 24 0.899211968724 0.5 1.0 4 163 0.002 0.098 0.1 0.0 1000.0 1 edit
note_add 30 15 4 12 40 0.807659735475 0.5 1.0 4 163 0.002 0.098 0.1 0.0 1000.0 1 edit
note_add 31 15 4 12 46 0.841170805283 0.5 1.0 4 163 0.002 0.098 0.1 0.0 1000.0 1 edit
note_add 32 15 4 18 46 0.700410665045 0.5 1.0 4 163 0.002 0.098 0.1 0.0 1000.0 1 edit
note_add 33 15 4 21 46 0.674695327576 0.5 1.0 4 163 0.002 0.098 0.1 0.0 1000.0 1 edit
note_add 34 15 4 24 24 0.802553175749 0.5 1.0 4 163 0.002 0.098 0.1 0.0 1000.0 1 edit
note_add 35 15 4 24 40 0.880527467285 0.5 1.0 4 163 0.002 0.098 0.1 0.0 1000.0 1 edit
note_add 36 15 4 24 46 0.780435475561 0.5 1.0 4 163 0.002 0.098 0.1 0.0 1000.0 1 edit
note_add 37 15 4 30 40 0.705068611253 0.5 1.0 4 163 0.002 0.098 0.1 0.0 1000.0 1 edit
note_add 38 15 4 30 46 0.72276210039 0.5 1.0 4 163 0.002 0.098 0.1 0.0 1000.0 1 edit
note_add 39 15 4 33 46 0.694600058093 0.5 1.0 4 163 0.002 0.098 0.1 0.0 1000.0 1 edit
page_add 16 3 0 ['sitar', 'guit2', 'shenai', 'clang2', 'drum4kit']
note_add 1 16 0 0 33 0.962277463862 0.5 6.0 0 97 0.002 0.1 0.1 0.0 1000.0 1 edit
note_add 2 16 0 6 31 0.673904877535 0.5 6.0 0 97 0.002 0.1 0.1 0.0 1000.0 1 edit
note_add 3 16 0 12 35 0.88488811096 0.5 12.0 0 97 0.002 0.1 0.1 0.0 1000.0 1 edit
note_add 4 16 0 24 40 0.796984001217 0.5 12.0 0 97 0.002 0.1 0.1 0.0 1000.0 1 edit
note_add 5 16 1 0 33 0.993402447676 0.5 12.0 1 141 0.002 0.1 0.1 0.0 1000.0 1 edit
note_add 6 16 1 12 38 0.825321174319 0.5 12.0 1 141 0.002 0.1 0.1 0.0 1000.0 1 edit
note_add 7 16 1 24 31 0.772383821123 0.5 12.0 1 141 0.002 0.1 0.1 0.0 1000.0 1 edit
note_add 8 16 2 0 33 0.944025663734 0.5 2.0 2 96 0.002 0.1 0.1 0.0 1000.0 1 edit
note_add 9 16 2 6 26 0.715879379974 0.5 6.0 2 96 0.002 0.1 0.1 0.0 1000.0 1 edit
note_add 10 16 2 12 26 0.795566253113 0.5 6.0 2 96 0.002 0.1 0.1 0.0 1000.0 1 edit
note_add 11 16 2 24 26 0.873560678086 0.5 2.0 2 96 0.002 0.1 0.1 0.0 1000.0 1 edit
note_add 12 16 2 30 24 0.688652054219 0.5 2.0 2 96 0.002 0.1 0.1 0.0 1000.0 1 edit
note_add 13 16 2 33 24 0.665284617658 0.5 1.0 2 96 0.002 0.1 0.1 0.0 1000.0 1 edit
note_add 14 16 3 0 43 0.962438236276 0.5 3.0 3 63 0.002 0.1 0.1 0.0 1000.0 1 edit
note_add 15 16 3 3 43 0.725666456844 0.5 3.0 3 63 0.002 0.1 0.1 0.0 1000.0 1 edit
note_add 16 16 3 6 43 0.709100408215 0.5 3.0 3 63 0.002 0.1 0.1 0.0 1000.0 1 edit
note_add 17 16 3 9 43 0.734619514357 0.5 3.0 3 63 0.002 0.1 0.1 0.0 1000.0 1 edit
note_add 18 16 3 12 43 0.833331701625 0.5 3.0 3 63 0.002 0.1 0.1 0.0 1000.0 1 edit
note_add 19 16 3 15 42 0.660775042401 0.5 3.0 3 63 0.002 0.1 0.1 0.0 1000.0 1 edit
note_add 20 16 3 18 43 0.729110201818 0.5 3.0 3 63 0.002 0.1 0.1 0.0 1000.0 1 edit
note_add 21 16 3 21 43 0.692901670371 0.5 3.0 3 63 0.002 0.1 0.1 0.0 1000.0 1 edit
note_add 22 16 3 24 43 0.757332294642 0.5 3.0 3 63 0.002 0.1 0.1 0.0 1000.0 1 edit
note_add 23 16 3 27 43 0.708131687879 0.5 3.0 3 63 0.002 0.1 0.1 0.0 1000.0 1 edit
note_add 24 16 3 30 43 0.668982830503 0.5 3.0 3 63 0.002 0.1 0.1 0.0 1000.0 1 edit
note_add 25 16 3 33 43 0.694064938012 0.5 3.0 3 63 0.002 0.1 0.1 0.0 1000.0 1 edit
note_add 26 16 4 0 24 0.965486899464 0.5 1.0 4 163 0.002 0.098 0.1 0.0 1000.0 1 edit
note_add 27 16 4 0 40 0.941041381579 0.5 1.0 4 163 0.002 0.098 0.1 0.0 1000.0 1 edit
note_add 28 16 4 6 24 0.664795050226 0.5 1.0 4 163 0.002 0.098 0.1 0.0 1000.0 1 edit
note_add 29 16 4 6 46 0.741847950378 0.5 1.0 4 163 0.002 0.098 0.1 0.0 1000.0 1 edit
note_add 30 16 4 12 24 0.899211968724 0.5 1.0 4 163 0.002 0.098 0.1 0.0 1000.0 1 edit
note_add 31 16 4 12 40 0.807659735475 0.5 1.0 4 163 0.002 0.098 0.1 0.0 1000.0 1 edit
note_add 32 16 4 12 46 0.841170805283 0.5 1.0 4 163 0.002 0.098 0.1 0.0 1000.0 1 edit
note_add 33 16 4 18 46 0.700410665045 0.5 1.0 4 163 0.002 0.098 0.1 0.0 1000.0 1 edit
note_add 34 16 4 21 46 0.674695327576 0.5 1.0 4 163 0.002 0.098 0.1 0.0 1000.0 1 edit
note_add 35 16 4 24 24 0.802553175749 0.5 1.0 4 163 0.002 0.098 0.1 0.0 1000.0 1 edit
note_add 36 16 4 24 40 0.880527467285 0.5 1.0 4 163 0.002 0.098 0.1 0.0 1000.0 1 edit
note_add 37 16 4 24 46 0.780435475561 0.5 1.0 4 163 0.002 0.098 0.1 0.0 1000.0 1 edit
note_add 38 16 4 30 40 0.705068611253 0.5 1.0 4 163 0.002 0.098 0.1 0.0 1000.0 1 edit
note_add 39 16 4 30 46 0.72276210039 0.5 1.0 4 163 0.002 0.098 0.1 0.0 1000.0 1 edit
note_add 40 16 4 33 46 0.694600058093 0.5 1.0 4 163 0.002 0.098 0.1 0.0 1000.0 1 edit
page_add 17 3 0 ['sitar', 'guit2', 'shenai', 'clang2', 'drum4kit']
note_add 1 17 0 0 30 0.923722067886 0.5 3.0 0 97 0.002 0.1 0.1 0.0 1000.0 1 edit
note_add 2 17 0 3 26 0.744587806984 0.5 3.0 0 97 0.002 0.1 0.1 0.0 1000.0 1 edit
note_add 3 17 0 6 30 0.724669013471 0.5 3.0 0 97 0.002 0.1 0.1 0.0 1000.0 1 edit
note_add 4 17 0 9 24 0.675874523233 0.5 3.0 0 97 0.002 0.1 0.1 0.0 1000.0 1 edit
note_add 5 17 0 12 26 0.764435262077 0.5 12.0 0 97 0.002 0.1 0.1 0.0 1000.0 1 edit
note_add 6 17 0 24 30 0.768105043092 0.5 12.0 0 97 0.002 0.1 0.1 0.0 1000.0 1 edit
note_add 7 17 1 0 43 0.976802020304 0.5 12.0 1 141 0.002 0.1 0.1 0.0 1000.0 1 edit
note_add 8 17 1 12 38 0.7825517432 0.5 12.0 1 141 0.002 0.1 0.1 0.0 1000.0 1 edit
note_add 9 17 1 24 36 0.817877149364 0.5 12.0 1 141 0.002 0.1 0.1 0.0 1000.0 1 edit
note_add 10 17 2 0 24 0.939057107202 0.5 3.0 2 96 0.002 0.1 0.1 0.0 1000.0 1 edit
note_add 11 17 2 6 24 0.690950848342 0.5 4.0 2 96 0.002 0.1 0.1 0.0 1000.0 1 edit
note_add 12 17 2 12 24 0.799054613495 0.5 2.0 2 96 0.002 0.1 0.1 0.0 1000.0 1 edit
note_add 13 17 2 15 24 0.693120256988 0.5 2.0 2 96 0.002 0.1 0.1 0.0 1000.0 1 edit
note_add 14 17 2 24 24 0.809760633769 0.5 5.0 2 96 0.002 0.1 0.1 0.0 1000.0 1 edit
note_add 15 17 2 33 28 0.653263961288 0.5 2.0 2 96 0.002 0.1 0.1 0.0 1000.0 1 edit
note_add 16 17 3 0 43 0.967283285279 0.5 3.0 3 63 0.002 0.1 0.1 0.0 1000.0 1 edit
note_add 17 17 3 3 42 0.691669442665 0.5 3.0 3 63 0.002 0.1 0.1 0.0 1000.0 1 edit
note_add 18 17 3 6 43 0.71092982607 0.5 3.0 3 63 0.002 0.1 0.1 0.0 1000.0 1 edit
note_add 19 17 3 9 43 0.668479506264 0.5 3.0 3 63 0.002 0.1 0.1 0.0 1000.0 1 edit
note_add 20 17 3 12 43 0.780508273798 0.5 3.0 3 63 0.002 0.1 0.1 0.0 1000.0 1 edit
note_add 21 17 3 15 36 0.695547896183 0.5 3.0 3 63 0.002 0.1 0.1 0.0 1000.0 1 edit
note_add 22 17 3 18 43 0.705746007512 0.5 3.0 3 63 0.002 0.1 0.1 0.0 1000.0 1 edit
note_add 23 17 3 21 43 0.713875171634 0.5 3.0 3 63 0.002 0.1 0.1 0.0 1000.0 1 edit
note_add 24 17 3 24 43 0.774445632217 0.5 3.0 3 63 0.002 0.1 0.1 0.0 1000.0 1 edit
note_add 25 17 3 27 42 0.723089135123 0.5 3.0 3 63 0.002 0.1 0.1 0.0 1000.0 1 edit
note_add 26 17 3 30 43 0.687873654832 0.5 3.0 3 63 0.002 0.1 0.1 0.0 1000.0 1 edit
note_add 27 17 3 33 43 0.700176469332 0.5 3.0 3 63 0.002 0.1 0.1 0.0 1000.0 1 edit
note_add 28 17 4 0 24 0.965486899464 0.5 1.0 4 163 0.002 0.098 0.1 0.0 1000.0 1 edit
note_add 30 17 4 0 28 0.997996985224 0.5 1.0 4 163 0.002 0.098 0.1 0.0 1000.0 1 edit
note_add 31 17 4 0 32 0.972970829098 0.5 1.0 4 163 0.002 0.098 0.1 0.0 1000.0 1 edit
note_add 29 17 4 0 40 0.941041381579 0.5 1.0 4 163 0.002 0.098 0.1 0.0 1000.0 1 edit
note_add 32 17 4 3 40 0.692213051183 0.5 1.0 4 163 0.002 0.098 0.1 0.0 1000.0 1 edit
note_add 33 17 4 6 24 0.664795050226 0.5 1.0 4 163 0.002 0.098 0.1 0.0 1000.0 1 edit
note_add 34 17 4 6 36 0.699508185058 0.5 1.0 4 163 0.002 0.098 0.1 0.0 1000.0 1 edit
note_add 35 17 4 6 46 0.741847950378 0.5 1.0 4 163 0.002 0.098 0.1 0.0 1000.0 1 edit
note_add 36 17 4 9 38 0.742909997719 0.5 1.0 4 163 0.002 0.098 0.1 0.0 1000.0 1 edit
note_add 37 17 4 9 44 0.691009815718 0.5 1.0 4 163 0.002 0.098 0.1 0.0 1000.0 1 edit
note_add 38 17 4 12 24 0.899211968724 0.5 1.0 4 163 0.002 0.098 0.1 0.0 1000.0 1 edit
note_add 39 17 4 12 40 0.807659735475 0.5 1.0 4 163 0.002 0.098 0.1 0.0 1000.0 1 edit
note_add 40 17 4 12 46 0.841170805283 0.5 1.0 4 163 0.002 0.098 0.1 0.0 1000.0 1 edit
note_add 41 17 4 18 38 0.70937026457 0.5 1.0 4 163 0.002 0.098 0.1 0.0 1000.0 1 edit
note_add 42 17 4 18 46 0.700410665045 0.5 1.0 4 163 0.002 0.098 0.1 0.0 1000.0 1 edit
note_add 43 17 4 18 48 0.671695340202 0.5 1.0 4 163 0.002 0.098 0.1 0.0 1000.0 1 edit
note_add 44 17 4 21 44 0.684168036183 0.5 1.0 4 163 0.002 0.098 0.1 0.0 1000.0 1 edit
note_add 45 17 4 21 46 0.674695327576 0.5 1.0 4 163 0.002 0.098 0.1 0.0 1000.0 1 edit
note_add 46 17 4 24 24 0.802553175749 0.5 1.0 4 163 0.002 0.098 0.1 0.0 1000.0 1 edit
note_add 47 17 4 24 28 0.806559833719 0.5 1.0 4 163 0.002 0.098 0.1 0.0 1000.0 1 edit
note_add 48 17 4 24 40 0.880527467285 0.5 1.0 4 163 0.002 0.098 0.1 0.0 1000.0 1 edit
note_add 49 17 4 24 46 0.780435475561 0.5 1.0 4 163 0.002 0.098 0.1 0.0 1000.0 1 edit
note_add 50 17 4 27 44 0.675152853959 0.5 1.0 4 163 0.002 0.098 0.1 0.0 1000.0 1 edit
note_add 51 17 4 30 38 0.735759513609 0.5 1.0 4 163 0.002 0.098 0.1 0.0 1000.0 1 edit
note_add 52 17 4 30 40 0.705068611253 0.5 1.0 4 163 0.002 0.098 0.1 0.0 1000.0 1 edit
note_add 53 17 4 30 46 0.72276210039 0.5 1.0 4 163 0.002 0.098 0.1 0.0 1000.0 1 edit
note_add 54 17 4 33 46 0.694600058093 0.5 1.0 4 163 0.002 0.098 0.1 0.0 1000.0 1 edit
page_add 18 3 0 ['sitar', 'guit2', 'shenai', 'clang2', 'drum4kit']
note_add 1 18 0 0 39 0.992176357332 0.5 12.0 0 97 0.002 0.1 0.1 0.0 1000.0 1 edit
note_add 2 18 0 12 43 0.845153536915 0.5 12.0 0 97 0.002 0.1 0.1 0.0 1000.0 1 edit
note_add 3 18 0 24 45 0.859982780845 0.5 12.0 0 97 0.002 0.1 0.1 0.0 1000.0 1 edit
note_add 4 18 1 0 27 0.997727005149 0.5 3.0 1 141 0.002 0.1 0.1 0.0 1000.0 1 edit
note_add 5 18 1 3 26 0.684686866758 0.5 3.0 1 141 0.002 0.1 0.1 0.0 1000.0 1 edit
note_add 6 18 1 6 29 0.683595844677 0.5 3.0 1 141 0.002 0.1 0.1 0.0 1000.0 1 edit
note_add 7 18 1 9 26 0.681762271297 0.5 3.0 1 141 0.002 0.1 0.1 0.0 1000.0 1 edit
note_add 8 18 1 12 24 0.826587667649 0.5 3.0 1 141 0.002 0.1 0.1 0.0 1000.0 1 edit
note_add 9 18 1 15 27 0.733875835364 0.5 3.0 1 141 0.002 0.1 0.1 0.0 1000.0 1 edit
note_add 10 18 1 18 26 0.663083298535 0.5 3.0 1 141 0.002 0.1 0.1 0.0 1000.0 1 edit
note_add 11 18 1 21 29 0.655793736697 0.5 3.0 1 141 0.002 0.1 0.1 0.0 1000.0 1 edit
note_add 12 18 1 24 27 0.808918800489 0.5 3.0 1 141 0.002 0.1 0.1 0.0 1000.0 1 edit
note_add 13 18 1 27 26 0.667385227006 0.5 3.0 1 141 0.002 0.1 0.1 0.0 1000.0 1 edit
note_add 14 18 1 30 29 0.708379321044 0.5 3.0 1 141 0.002 0.1 0.1 0.0 1000.0 1 edit
note_add 15 18 1 33 26 0.684806046611 0.5 3.0 1 141 0.002 0.1 0.1 0.0 1000.0 1 edit
note_add 16 18 2 0 45 0.902487263347 0.5 3.0 2 96 0.002 0.1 0.1 0.0 1000.0 1 edit
note_add 17 18 2 3 46 0.734322294848 0.5 3.0 2 96 0.002 0.1 0.1 0.0 1000.0 1 edit
note_add 18 18 2 6 45 0.670444627629 0.5 3.0 2 96 0.002 0.1 0.1 0.0 1000.0 1 edit
note_add 19 18 2 9 46 0.676483196647 0.5 3.0 2 96 0.002 0.1 0.1 0.0 1000.0 1 edit
note_add 20 18 2 12 45 0.792856447342 0.5 3.0 2 96 0.002 0.1 0.1 0.0 1000.0 1 edit
note_add 21 18 2 15 45 0.714834105956 0.5 3.0 2 96 0.002 0.1 0.1 0.0 1000.0 1 edit
note_add 22 18 2 18 45 0.654552754384 0.5 3.0 2 96 0.002 0.1 0.1 0.0 1000.0 1 edit
note_add 23 18 2 21 45 0.683246310621 0.5 3.0 2 96 0.002 0.1 0.1 0.0 1000.0 1 edit
note_add 24 18 2 24 45 0.866302485047 0.5 3.0 2 96 0.002 0.1 0.1 0.0 1000.0 1 edit
note_add 25 18 2 27 46 0.660698942041 0.5 3.0 2 96 0.002 0.1 0.1 0.0 1000.0 1 edit
note_add 26 18 2 30 45 0.694276040758 0.5 3.0 2 96 0.002 0.1 0.1 0.0 1000.0 1 edit
note_add 27 18 2 33 46 0.683705965531 0.5 3.0 2 96 0.002 0.1 0.1 0.0 1000.0 1 edit
note_add 28 18 3 0 36 0.977528720488 0.5 3.0 3 63 0.002 0.1 0.1 0.0 1000.0 1 edit
note_add 29 18 3 3 29 0.715204863276 0.5 3.0 3 63 0.002 0.1 0.1 0.0 1000.0 1 edit
note_add 30 18 3 6 36 0.691016632645 0.5 3.0 3 63 0.002 0.1 0.1 0.0 1000.0 1 edit
note_add 31 18 3 12 36 0.791488935892 0.5 3.0 3 63 0.002 0.1 0.1 0.0 1000.0 1 edit
note_add 32 18 3 15 29 0.683974830404 0.5 3.0 3 63 0.002 0.1 0.1 0.0 1000.0 1 edit
note_add 33 18 3 21 46 0.665307216754 0.5 3.0 3 63 0.002 0.1 0.1 0.0 1000.0 1 edit
note_add 34 18 3 24 36 0.811639616772 0.5 3.0 3 63 0.002 0.1 0.1 0.0 1000.0 1 edit
note_add 35 18 3 30 36 0.729876534089 0.5 3.0 3 63 0.002 0.1 0.1 0.0 1000.0 1 edit
note_add 36 18 3 33 46 0.661678909412 0.5 3.0 3 63 0.002 0.1 0.1 0.0 1000.0 1 edit
note_add 37 18 4 0 24 0.950199526445 0.5 1.0 4 163 0.002 0.098 0.1 0.0 1000.0 1 edit
note_add 38 18 4 0 40 0.994467036758 0.5 1.0 4 163 0.002 0.098 0.1 0.0 1000.0 1 edit
note_add 39 18 4 0 46 0.91514488182 0.5 1.0 4 163 0.002 0.098 0.1 0.0 1000.0 1 edit
note_add 40 18 4 3 40 0.674531171519 0.5 1.0 4 163 0.002 0.098 0.1 0.0 1000.0 1 edit
note_add 41 18 4 6 24 0.733906057155 0.5 1.0 4 163 0.002 0.098 0.1 0.0 1000.0 1 edit
note_add 42 18 4 6 40 0.720363213947 0.5 1.0 4 163 0.002 0.098 0.1 0.0 1000.0 1 edit
note_add 43 18 4 6 46 0.711980129471 0.5 1.0 4 163 0.002 0.098 0.1 0.0 1000.0 1 edit
note_add 44 18 4 9 46 0.703202354953 0.5 1.0 4 163 0.002 0.098 0.1 0.0 1000.0 1 edit
note_add 45 18 4 12 24 0.770037259528 0.5 1.0 4 163 0.002 0.098 0.1 0.0 1000.0 1 edit
note_add 46 18 4 12 30 0.76528374653 0.5 1.0 4 163 0.002 0.098 0.1 0.0 1000.0 1 edit
note_add 47 18 4 12 46 0.846457882845 0.5 1.0 4 163 0.002 0.098 0.1 0.0 1000.0 1 edit
note_add 48 18 4 18 40 0.677373385764 0.5 1.0 4 163 0.002 0.098 0.1 0.0 1000.0 1 edit
note_add 49 18 4 18 46 0.730236607365 0.5 1.0 4 163 0.002 0.098 0.1 0.0 1000.0 1 edit
note_add 50 18 4 24 24 0.775212443119 0.5 1.0 4 163 0.002 0.098 0.1 0.0 1000.0 1 edit
note_add 51 18 4 24 40 0.786474437047 0.5 1.0 4 163 0.002 0.098 0.1 0.0 1000.0 1 edit
note_add 52 18 4 24 46 0.808813695487 0.5 1.0 4 163 0.002 0.098 0.1 0.0 1000.0 1 edit
note_add 53 18 4 33 46 0.741453070836 0.5 1.0 4 163 0.002 0.098 0.1 0.0 1000.0 1 edit
page_add 19 3 0 ['sitar', 'guit2', 'shenai', 'clang2', 'drum4kit']
note_add 1 19 0 0 39 0.900217508299 0.5 12.0 0 97 0.002 0.1 0.1 0.0 1000.0 1 edit
note_add 2 19 0 12 38 0.76291496494 0.5 6.0 0 97 0.002 0.1 0.1 0.0 1000.0 1 edit
note_add 3 19 0 18 33 0.714622372049 0.5 3.0 0 97 0.002 0.1 0.1 0.0 1000.0 1 edit
note_add 4 19 0 21 31 0.704582617771 0.5 3.0 0 97 0.002 0.1 0.1 0.0 1000.0 1 edit
note_add 5 19 0 24 27 0.863859858625 0.5 6.0 0 97 0.002 0.1 0.1 0.0 1000.0 1 edit
note_add 6 19 0 30 31 0.692186482666 0.5 6.0 0 97 0.002 0.1 0.1 0.0 1000.0 1 edit
note_add 7 19 1 0 26 0.963142809272 0.5 3.0 1 141 0.002 0.1 0.1 0.0 1000.0 1 edit
note_add 8 19 1 3 24 0.674534211379 0.5 3.0 1 141 0.002 0.1 0.1 0.0 1000.0 1 edit
note_add 9 19 1 6 27 0.695536150413 0.5 3.0 1 141 0.002 0.1 0.1 0.0 1000.0 1 edit
note_add 10 19 1 9 26 0.730851913151 0.5 3.0 1 141 0.002 0.1 0.1 0.0 1000.0 1 edit
note_add 11 19 1 15 26 0.715785051612 0.5 3.0 1 141 0.002 0.1 0.1 0.0 1000.0 1 edit
note_add 12 19 1 18 24 0.708920262785 0.5 3.0 1 141 0.002 0.1 0.1 0.0 1000.0 1 edit
note_add 13 19 1 21 27 0.736079947287 0.5 3.0 1 141 0.002 0.1 0.1 0.0 1000.0 1 edit
note_add 14 19 1 27 24 0.690249159584 0.5 3.0 1 141 0.002 0.1 0.1 0.0 1000.0 1 edit
note_add 15 19 1 33 26 0.747747779711 0.5 3.0 1 141 0.002 0.1 0.1 0.0 1000.0 1 edit
note_add 16 19 2 0 46 0.935305765395 0.5 3.0 2 96 0.002 0.1 0.1 0.0 1000.0 1 edit
note_add 17 19 2 3 45 0.672428312167 0.5 3.0 2 96 0.002 0.1 0.1 0.0 1000.0 1 edit
note_add 18 19 2 6 45 0.668573387082 0.5 3.0 2 96 0.002 0.1 0.1 0.0 1000.0 1 edit
note_add 19 19 2 9 45 0.663440416314 0.5 3.0 2 96 0.002 0.1 0.1 0.0 1000.0 1 edit
note_add 20 19 2 12 39 0.846885196839 0.5 3.0 2 96 0.002 0.1 0.1 0.0 1000.0 1 edit
note_add 21 19 2 15 45 0.69086908476 0.5 3.0 2 96 0.002 0.1 0.1 0.0 1000.0 1 edit
note_add 22 19 2 18 45 0.708261453631 0.5 3.0 2 96 0.002 0.1 0.1 0.0 1000.0 1 edit
note_add 23 19 2 21 45 0.661082222788 0.5 3.0 2 96 0.002 0.1 0.1 0.0 1000.0 1 edit
note_add 24 19 2 24 46 0.868505362756 0.5 3.0 2 96 0.002 0.1 0.1 0.0 1000.0 1 edit
note_add 25 19 2 27 45 0.695817397464 0.5 3.0 2 96 0.002 0.1 0.1 0.0 1000.0 1 edit
note_add 26 19 2 30 45 0.710451919929 0.5 3.0 2 96 0.002 0.1 0.1 0.0 1000.0 1 edit
note_add 27 19 2 33 45 0.71294559179 0.5 3.0 2 96 0.002 0.1 0.1 0.0 1000.0 1 edit
note_add 28 19 3 3 36 0.652136064822 0.5 3.0 3 63 0.002 0.1 0.1 0.0 1000.0 1 edit
note_add 29 19 3 6 29 0.653760779698 0.5 3.0 3 63 0.002 0.1 0.1 0.0 1000.0 1 edit
note_add 30 19 3 9 36 0.705340912764 0.5 3.0 3 63 0.002 0.1 0.1 0.0 1000.0 1 edit
note_add 31 19 3 12 31 0.891727604618 0.5 3.0 3 63 0.002 0.1 0.1 0.0 1000.0 1 edit
note_add 32 19 3 15 36 0.679199126853 0.5 3.0 3 63 0.002 0.1 0.1 0.0 1000.0 1 edit
note_add 33 19 3 18 29 0.711881677732 0.5 3.0 3 63 0.002 0.1 0.1 0.0 1000.0 1 edit
note_add 34 19 3 24 31 0.781522345292 0.5 3.0 3 63 0.002 0.1 0.1 0.0 1000.0 1 edit
note_add 35 19 3 27 36 0.733310200184 0.5 3.0 3 63 0.002 0.1 0.1 0.0 1000.0 1 edit
note_add 36 19 3 30 29 0.679458931863 0.5 3.0 3 63 0.002 0.1 0.1 0.0 1000.0 1 edit
note_add 37 19 3 33 36 0.689511775918 0.5 3.0 3 63 0.002 0.1 0.1 0.0 1000.0 1 edit
note_add 38 19 4 0 24 0.950199526445 0.5 1.0 4 163 0.002 0.098 0.1 0.0 1000.0 1 edit
note_add 39 19 4 0 32 0.920106502064 0.5 1.0 4 163 0.002 0.098 0.1 0.0 1000.0 1 edit
note_add 40 19 4 0 36 0.942567288503 0.5 1.0 4 163 0.002 0.098 0.1 0.0 1000.0 1 edit
note_add 41 19 4 0 40 0.994467036758 0.5 1.0 4 163 0.002 0.098 0.1 0.0 1000.0 1 edit
note_add 42 19 4 0 46 0.91514488182 0.5 1.0 4 163 0.002 0.098 0.1 0.0 1000.0 1 edit
note_add 43 19 4 3 40 0.674531171519 0.5 1.0 4 163 0.002 0.098 0.1 0.0 1000.0 1 edit
note_add 44 19 4 6 24 0.733906057155 0.5 1.0 4 163 0.002 0.098 0.1 0.0 1000.0 1 edit
note_add 45 19 4 6 28 0.683564411558 0.5 1.0 4 163 0.002 0.098 0.1 0.0 1000.0 1 edit
note_add 46 19 4 6 40 0.720363213947 0.5 1.0 4 163 0.002 0.098 0.1 0.0 1000.0 1 edit
note_add 47 19 4 6 46 0.711980129471 0.5 1.0 4 163 0.002 0.098 0.1 0.0 1000.0 1 edit
note_add 48 19 4 6 48 0.688150455753 0.5 1.0 4 163 0.002 0.098 0.1 0.0 1000.0 1 edit
note_add 49 19 4 9 46 0.703202354953 0.5 1.0 4 163 0.002 0.098 0.1 0.0 1000.0 1 edit
note_add 50 19 4 12 24 0.770037259528 0.5 1.0 4 163 0.002 0.098 0.1 0.0 1000.0 1 edit
note_add 51 19 4 12 26 0.799459986324 0.5 1.0 4 163 0.002 0.098 0.1 0.0 1000.0 1 edit
note_add 52 19 4 12 30 0.76528374653 0.5 1.0 4 163 0.002 0.098 0.1 0.0 1000.0 1 edit
note_add 53 19 4 12 46 0.846457882845 0.5 1.0 4 163 0.002 0.098 0.1 0.0 1000.0 1 edit
note_add 54 19 4 15 38 0.72553057253 0.5 1.0 4 163 0.002 0.098 0.1 0.0 1000.0 1 edit
note_add 55 19 4 18 40 0.677373385764 0.5 1.0 4 163 0.002 0.098 0.1 0.0 1000.0 1 edit
note_add 56 19 4 18 46 0.730236607365 0.5 1.0 4 163 0.002 0.098 0.1 0.0 1000.0 1 edit
note_add 57 19 4 18 48 0.742568337923 0.5 1.0 4 163 0.002 0.098 0.1 0.0 1000.0 1 edit
note_add 58 19 4 21 46 0.664003296018 0.5 1.0 4 163 0.002 0.098 0.1 0.0 1000.0 1 edit
note_add 59 19 4 24 24 0.775212443119 0.5 1.0 4 163 0.002 0.098 0.1 0.0 1000.0 1 edit
note_add 60 19 4 24 26 0.792753120982 0.5 1.0 4 163 0.002 0.098 0.1 0.0 1000.0 1 edit
note_add 61 19 4 24 40 0.786474437047 0.5 1.0 4 163 0.002 0.098 0.1 0.0 1000.0 1 edit
note_add 62 19 4 24 44 0.813012792158 0.5 1.0 4 163 0.002 0.098 0.1 0.0 1000.0 1 edit
note_add 63 19 4 24 46 0.808813695487 0.5 1.0 4 163 0.002 0.098 0.1 0.0 1000.0 1 edit
note_add 64 19 4 27 46 0.700655001755 0.5 1.0 4 163 0.002 0.098 0.1 0.0 1000.0 1 edit
note_add 65 19 4 30 44 0.683514568212 0.5 1.0 4 163 0.002 0.098 0.1 0.0 1000.0 1 edit
note_add 66 19 4 33 38 0.72702086282 0.5 1.0 4 163 0.002 0.098 0.1 0.0 1000.0 1 edit
note_add 67 19 4 33 42 0.682322866418 0.5 1.0 4 163 0.002 0.098 0.1 0.0 1000.0 1 edit
note_add 68 19 4 33 46 0.741453070836 0.5 1.0 4 163 0.002 0.098 0.1 0.0 1000.0 1 edit
page_add 20 3 0 ['sitar', 'guit2', 'shenai', 'clang2', 'drum4kit']
note_add 1 20 0 0 41 0.997299271781 0.5 12.0 0 97 0.002 0.1 0.1 0.0 1000.0 1 edit
note_add 2 20 0 12 47 0.890340127109 0.5 6.0 0 97 0.002 0.1 0.1 0.0 1000.0 1 edit
note_add 3 20 0 18 43 0.709320001196 0.5 6.0 0 97 0.002 0.1 0.1 0.0 1000.0 1 edit
note_add 4 20 0 24 47 0.8962423466 0.5 6.0 0 97 0.002 0.1 0.1 0.0 1000.0 1 edit
note_add 5 20 0 33 47 0.739116525618 0.5 3.0 0 97 0.002 0.1 0.1 0.0 1000.0 1 edit
note_add 6 20 1 0 35 0.941967748368 0.5 18.0 1 141 0.002 0.1 0.1 0.0 1000.0 1 edit
note_add 7 20 1 18 32 0.692956745865 0.5 18.0 1 141 0.002 0.1 0.1 0.0 1000.0 1 edit
note_add 8 20 2 0 38 0.913785619498 0.5 12.0 2 96 0.002 0.1 0.1 0.0 1000.0 1 edit
note_add 9 20 2 12 38 0.778961896469 0.5 6.0 2 96 0.002 0.1 0.1 0.0 1000.0 1 edit
note_add 10 20 3 0 43 0.984169867265 0.5 12.0 3 63 0.002 0.1 0.1 0.0 1000.0 1 edit
note_add 11 20 3 12 43 0.801935289729 0.5 12.0 3 63 0.002 0.1 0.1 0.0 1000.0 1 edit
note_add 12 20 4 0 24 0.924158935577 0.5 1.0 4 163 0.002 0.098 0.1 0.0 1000.0 1 edit
note_add 13 20 4 0 46 0.922258432175 0.5 1.0 4 163 0.002 0.098 0.1 0.0 1000.0 1 edit
note_add 14 20 4 6 46 0.716533221249 0.5 1.0 4 163 0.002 0.098 0.1 0.0 1000.0 1 edit
note_add 15 20 4 12 24 0.826622605723 0.5 1.0 4 163 0.002 0.098 0.1 0.0 1000.0 1 edit
note_add 16 20 4 12 30 0.778838373231 0.5 1.0 4 163 0.002 0.098 0.1 0.0 1000.0 1 edit
note_add 17 20 4 12 40 0.782262636472 0.5 1.0 4 163 0.002 0.098 0.1 0.0 1000.0 1 edit
note_add 18 20 4 12 46 0.766362291806 0.5 1.0 4 163 0.002 0.098 0.1 0.0 1000.0 1 edit
note_add 19 20 4 15 40 0.694849111739 0.5 1.0 4 163 0.002 0.098 0.1 0.0 1000.0 1 edit
note_add 20 20 4 18 40 0.749369395704 0.5 1.0 4 163 0.002 0.098 0.1 0.0 1000.0 1 edit
note_add 21 20 4 18 46 0.728856894806 0.5 1.0 4 163 0.002 0.098 0.1 0.0 1000.0 1 edit
note_add 22 20 4 21 46 0.676663790065 0.5 1.0 4 163 0.002 0.098 0.1 0.0 1000.0 1 edit
note_add 23 20 4 24 24 0.87971089273 0.5 1.0 4 163 0.002 0.098 0.1 0.0 1000.0 1 edit
note_add 24 20 4 24 40 0.851837980187 0.5 1.0 4 163 0.002 0.098 0.1 0.0 1000.0 1 edit
note_add 25 20 4 24 46 0.849721728561 0.5 1.0 4 163 0.002 0.098 0.1 0.0 1000.0 1 edit
note_add 26 20 4 27 40 0.676095522104 0.5 1.0 4 163 0.002 0.098 0.1 0.0 1000.0 1 edit
note_add 27 20 4 30 24 0.664461497422 0.5 1.0 4 163 0.002 0.098 0.1 0.0 1000.0 1 edit
note_add 28 20 4 30 46 0.65236983342 0.5 1.0 4 163 0.002 0.098 0.1 0.0 1000.0 1 edit
page_add 21 3 0 ['sitar', 'guit2', 'shenai', 'clang2', 'drum4kit']
note_add 1 21 0 0 43 0.926243106915 0.5 12.0 0 97 0.002 0.1 0.1 0.0 1000.0 1 edit
note_add 2 21 0 12 38 0.779555264209 0.5 12.0 0 97 0.002 0.1 0.1 0.0 1000.0 1 edit
note_add 3 21 0 24 35 0.885161158952 0.5 6.0 0 97 0.002 0.1 0.1 0.0 1000.0 1 edit
note_add 4 21 0 30 39 0.6939907881 0.5 3.0 0 97 0.002 0.1 0.1 0.0 1000.0 1 edit
note_add 5 21 0 33 44 0.70288759701 0.5 3.0 0 97 0.002 0.1 0.1 0.0 1000.0 1 edit
note_add 6 21 1 0 41 0.940690263998 0.5 18.0 1 141 0.002 0.1 0.1 0.0 1000.0 1 edit
note_add 7 21 1 18 38 0.672292959952 0.5 18.0 1 141 0.002 0.1 0.1 0.0 1000.0 1 edit
note_add 8 21 2 6 36 0.716729646414 0.5 12.0 2 96 0.002 0.1 0.1 0.0 1000.0 1 edit
note_add 9 21 3 0 44 0.929823126326 0.5 12.0 3 63 0.002 0.1 0.1 0.0 1000.0 1 edit
note_add 10 21 3 30 44 0.679828151344 0.5 6.0 3 63 0.002 0.1 0.1 0.0 1000.0 1 edit
note_add 11 21 4 0 24 0.924158935577 0.5 1.0 4 163 0.002 0.098 0.1 0.0 1000.0 1 edit
note_add 13 21 4 0 32 0.96711812489 0.5 1.0 4 163 0.002 0.098 0.1 0.0 1000.0 1 edit
note_add 12 21 4 0 46 0.922258432175 0.5 1.0 4 163 0.002 0.098 0.1 0.0 1000.0 1 edit
note_add 15 21 4 6 28 0.740198045992 0.5 1.0 4 163 0.002 0.098 0.1 0.0 1000.0 1 edit
note_add 14 21 4 6 46 0.716533221249 0.5 1.0 4 163 0.002 0.098 0.1 0.0 1000.0 1 edit
note_add 16 21 4 9 44 0.735583558414 0.5 1.0 4 163 0.002 0.098 0.1 0.0 1000.0 1 edit
note_add 17 21 4 12 24 0.826622605723 0.5 1.0 4 163 0.002 0.098 0.1 0.0 1000.0 1 edit
note_add 18 21 4 12 26 0.84945084953 0.5 1.0 4 163 0.002 0.098 0.1 0.0 1000.0 1 edit
note_add 19 21 4 12 30 0.778838373231 0.5 1.0 4 163 0.002 0.098 0.1 0.0 1000.0 1 edit
note_add 20 21 4 12 40 0.782262636472 0.5 1.0 4 163 0.002 0.098 0.1 0.0 1000.0 1 edit
note_add 21 21 4 12 46 0.766362291806 0.5 1.0 4 163 0.002 0.098 0.1 0.0 1000.0 1 edit
note_add 22 21 4 12 48 0.774398181021 0.5 1.0 4 163 0.002 0.098 0.1 0.0 1000.0 1 edit
note_add 23 21 4 15 40 0.694849111739 0.5 1.0 4 163 0.002 0.098 0.1 0.0 1000.0 1 edit
note_add 24 21 4 18 40 0.749369395704 0.5 1.0 4 163 0.002 0.098 0.1 0.0 1000.0 1 edit
note_add 25 21 4 18 46 0.728856894806 0.5 1.0 4 163 0.002 0.098 0.1 0.0 1000.0 1 edit
note_add 26 21 4 21 46 0.676663790065 0.5 1.0 4 163 0.002 0.098 0.1 0.0 1000.0 1 edit
note_add 27 21 4 24 24 0.87971089273 0.5 1.0 4 163 0.002 0.098 0.1 0.0 1000.0 1 edit
note_add 28 21 4 24 36 0.84647788882 0.5 1.0 4 163 0.002 0.098 0.1 0.0 1000.0 1 edit
note_add 29 21 4 24 40 0.851837980187 0.5 1.0 4 163 0.002 0.098 0.1 0.0 1000.0 1 edit
note_add 30 21 4 24 44 0.869102340341 0.5 1.0 4 163 0.002 0.098 0.1 0.0 1000.0 1 edit
note_add 31 21 4 24 46 0.849721728561 0.5 1.0 4 163 0.002 0.098 0.1 0.0 1000.0 1 edit
note_add 32 21 4 27 40 0.676095522104 0.5 1.0 4 163 0.002 0.098 0.1 0.0 1000.0 1 edit
note_add 33 21 4 27 42 0.658002000539 0.5 1.0 4 163 0.002 0.098 0.1 0.0 1000.0 1 edit
note_add 34 21 4 30 24 0.664461497422 0.5 1.0 4 163 0.002 0.098 0.1 0.0 1000.0 1 edit
note_add 35 21 4 30 44 0.65530091963 0.5 1.0 4 163 0.002 0.098 0.1 0.0 1000.0 1 edit
note_add 36 21 4 30 46 0.65236983342 0.5 1.0 4 163 0.002 0.098 0.1 0.0 1000.0 1 edit
note_add 37 21 4 33 46 0.670874136451 0.5 1.0 4 163 0.002 0.098 0.1 0.0 1000.0 1 edit
track_vol 50.0 50.0 50.0 50.0 50.0
master_vol 50.0
tempo 91.0
